[gd_scene load_steps=11 format=3 uid="uid://bkumk0vyte1a8"]

[ext_resource type="Texture2D" uid="uid://bqyjdx8danb76" path="res://prototyping/steering/grid_texture.png" id="1_g1wu4"]
[ext_resource type="PackedScene" uid="uid://bjn7n5sftr527" path="res://src/player.tscn" id="2_gm6l0"]
[ext_resource type="PackedScene" uid="uid://345ppj6gpj2h" path="res://src/timeline_marker_blue.tscn" id="3_r88xj"]
[ext_resource type="PackedScene" uid="uid://bcwe7necnu2yy" path="res://src/global_choice_ui.tscn" id="4_asbxc"]
[ext_resource type="PackedScene" uid="uid://d2p88qrpi4bvl" path="res://src/timeline.tscn" id="5_c8jti"]
[ext_resource type="PackedScene" uid="uid://beat0xmqmr57i" path="res://src/enemy.tscn" id="5_o4r47"]
[ext_resource type="PackedScene" uid="uid://c51ddvo7t7f33" path="res://src/timeline_marker_red.tscn" id="5_yobqc"]

[sub_resource type="StandardMaterial3D" id="StandardMaterial3D_mwuda"]
albedo_texture = ExtResource("1_g1wu4")

[sub_resource type="BoxMesh" id="BoxMesh_171dr"]
material = SubResource("StandardMaterial3D_mwuda")
size = Vector3(38.5, 2, 50)

[sub_resource type="BoxShape3D" id="BoxShape3D_313tk"]
size = Vector3(38.5, 2, 50)

[node name="Main" type="Node3D"]

[node name="Floor" type="StaticBody3D" parent="."]
transform = Transform3D(1, 0, 0, 0, 1, 0, 0, 0, 1, 0, -1, 0)

[node name="MeshInstance3D" type="MeshInstance3D" parent="Floor"]
mesh = SubResource("BoxMesh_171dr")

[node name="CollisionShape3D2" type="CollisionShape3D" parent="Floor"]
shape = SubResource("BoxShape3D_313tk")

[node name="Camera" type="Camera3D" parent="." groups=["camera"]]
transform = Transform3D(-4.37114e-08, 0.707107, -0.707107, 0, 0.707107, 0.707107, 1, 3.09086e-08, -3.09086e-08, -30, 30, 0)
projection = 1
size = 14.0

[node name="DirectionalLight3D" type="DirectionalLight3D" parent="."]
transform = Transform3D(1, 0, 0, 0, 0.5, 0.866025, 0, -0.866025, 0.5, 0, 12, 18)

[node name="Player" parent="." instance=ExtResource("2_gm6l0")]
transform = Transform3D(0.961808, 0, -0.273724, 0, 1, 0, 0.273724, 0, 0.961808, 3.48376, 0, -7.76707)
timeline_marker = ExtResource("3_r88xj")

[node name="Player2" parent="." instance=ExtResource("2_gm6l0")]
transform = Transform3D(0.980323, 0, 0.197401, 0, 1, 0, -0.197401, 0, 0.980323, -2.55633, 0, -2.42227)
action_speed = 70.0
timeline_marker = ExtResource("3_r88xj")

[node name="Enemy" parent="." instance=ExtResource("5_o4r47")]
transform = Transform3D(-0.896857, 0, -0.44232, 0, 1, 0, 0.44232, 0, -0.896857, -4.61462, 0, 7.9326)
action_speed = 60.0
timeline_marker = ExtResource("5_yobqc")

[node name="Enemy2" parent="." instance=ExtResource("5_o4r47")]
transform = Transform3D(-0.928038, 0, -0.372486, 0, 1, 0, 0.372486, 0, -0.928038, 4.85301, 0, 4.62078)
action_speed = 91.0
timeline_marker = ExtResource("5_yobqc")

[node name="GlobalChoiceUI" parent="." instance=ExtResource("4_asbxc")]

[node name="Timeline" parent="." instance=ExtResource("5_c8jti")]
